37
565
364
321
683
578
296
454
263
673
506
425
247
484
249
42
87
163
422
651
160
712
266
97
589
714
374
124
94
610
288
77
47
446
573
393
286
572
37
586
652
600
444
225
326
143
549
315
268
303
503
592
70
505
65
76
520
576
40
627
14
632
300
670
412
18
633
717
119
210
323
727
380
144
281
726
37
719
508
684
426
184
679
432
215
16
423
170
132
385
21
644
293
704
521
461
271
424
222
13
179
648
110
140
32
591
332
435
66
702
115
493
30
308
37
555
325
724
337
540
488
72
219
690
526
192
550
659
121
216
470
45
156
134
158
284
207
617
162
533
677
206
650
15
172
731
298
567
262
657
711
48
37
333
694
697
571
472
725
389
543
141
270
448
699
388
409
111
174
499
429
574
188
237
33
455
602
338
346
150
154
312
496
478
626
149
379
502
703
439
37
523
525
587
722
570
301
142
398
137
299
267
236
588
341
10
153
176
67
447
60
414
643
248
372
378
394
436
557
245
168
227
593
105
313
556
471
151
37
686
616
671
49
254
234
539
547
349
427
437
359
220
452
631
314
624
17
528
56
319
606
255
440
310
280
127
728
635
486
689
501
458
604
687
304
527
37
230
81
552
20
495
282
64
62
464
419
231
251
373
39
96
75
213
92
705
180
311
83
381
713
479
622
585
558
63
463
582
390
649
443
305
29
645
37
107
103
198
208
646
200
468
456
2
708
244
541
599
328
343
410
693
7
348
706
553
182
23
260
625
401
590
217
611
376
647
353
524
494
497
383
504
37
406
58
457
265
259
294
189
681
165
405
101
607
637
145
668
605
261
57
221
474
716
161
386
201
630
579
735
52
729
709
98
618
11
187
178
173
138
37
336
331
476
695
355
511
475
69
685
129
360
146
147
715
102
279
95
120
22
676
513
3
408
483
460
330
696
362
93
669
74
532
27
79
459
391
252
37
613
688
36
177
597
467
258
354
445
243
317
510
450
203
116
114
123
732
302
185
620
86
152
350
569
369
595
44
242
542
415
404
256
566
392
430
205
37
68
109
710
59
664
37
734
421
466
536
233
320
183
701
529
580
594
559
85
733
4
226
639
235
117
19
211
537
581
636
351
500
642
289
135
113
370
37
43
518
73
375
212
228
51
53
519
12
692
433
204
246
80
548
342
344
691
276
194
257
209
583
202
8
551
368
89
730
274
46
291
680
157
662
720
37
395
634
384
269
387
306
139
723
191
482
167
682
522
78
453
563
661
218
417
357
104
240
54
164
307
128
420
292
512
678
481
159
285
250
133
465
272
37
112
125
122
438
654
186
623
400
339
619
41
575
71
224
290
544
538
498
193
399
356
413
656
564
358
214
441
403
487
229
295
411
190
327
568
658
621
37
377
629
9
118
707
155
175
196
561
434
106
195
283
665
31
531
698
297
130
61
382
361
473
416
396
660
171
24
148
469
199
442
451
507
608
477
577
37
108
352
667
674
598
136
653
0
363
366
91
490
88
560
84
26
232
718
546
640
1
100
223
492
480
515
418
615
638
253
277
402
462
371
485
700
672
37
562
278
491
641
666
431
736
663
38
516
428
126
197
275
584
628
675
601
334
287
35
603
166
596
90
449
50
309
614
534
55
25
169
340
273
517
554
34
6
5
530
322
397
721
316
264
655
239
335
99
238
181
514
365
318
367
347
609
489
407
329
545
535
34
82
509
131
28
324
241
612
345
