9
2022
1107
649
953
611
1355
1856
1682
1943
9
420
1447
1935
164
1760
1888
292
1725
482
9
1772
1765
438
1335
1974
2005
2069
1204
1473
9
607
940
2088
884
812
984
1903
1145
828
9
1891
996
609
2048
190
193
1336
1347
1815
9
1994
1535
228
1897
1436
822
521
155
167
9
1964
667
1626
652
92
79
971
1722
225
9
845
895
1559
456
1904
380
337
561
2008
9
412
1108
1023
727
149
1456
258
893
397
9
1504
2074
581
991
213
473
1717
1268
1781
9
533
366
1868
2079
796
12
959
131
224
9
1578
204
38
1311
1983
2050
1064
177
1364
9
429
171
872
1402
1865
471
260
1420
1304
9
1924
604
1427
582
1047
947
696
1041
1592
9
1083
681
1524
903
1830
364
1205
24
257
9
967
765
2063
1889
1503
927
839
1877
475
9
88
2026
654
1753
1970
44
642
93
1393
9
700
1369
909
1030
170
1852
1128
461
747
9
645
1543
1589
1820
1747
2104
901
1557
1164
9
1442
706
2077
557
1794
745
185
1082
110
9
392
1314
637
343
538
622
1452
760
1133
9
1933
114
1849
1863
1737
539
605
2047
1791
9
1848
1320
1411
73
1773
610
372
1056
1176
9
1789
670
85
1110
736
1386
163
680
792
9
833
541
55
326
1370
1280
925
1395
1123
9
15
398
1491
481
1857
130
934
1399
1271
9
1973
1048
1676
2058
844
229
2080
1126
1629
9
831
503
1155
2091
1550
1944
168
1895
1982
9
1053
1908
1466
2019
1834
856
1664
440
985
9
1285
176
600
1640
1303
1962
1687
546
1831
9
524
1444
1198
1874
1942
1835
719
655
583
9
286
1339
689
1883
1231
876
290
1183
1284
9
1266
422
549
2100
1569
1478
381
403
136
9
1669
756
1040
1673
77
746
490
1117
333
9
1492
63
377
858
1391
6
1914
384
2071
9
515
1571
243
1670
1755
1855
1763
1247
2094
9
771
13
464
2066
1310
1808
59
1212
1111
9
1477
757
1643
1716
530
1029
1627
1157
938
9
2023
1527
463
983
1270
1069
775
1163
210
9
1449
1361
1396
1302
542
675
573
415
1767
9
165
1679
1648
1804
808
1871
336
555
1758
9
640
1873
446
590
513
1801
768
709
1930
9
729
1555
1701
382
598
516
713
1479
262
9
1608
406
386
362
1291
722
151
426
517
9
417
1833
602
1978
1574
499
1896
1598
904
9
1075
1468
137
1451
402
1779
138
979
1836
9
1375
1695
1156
70
1980
2035
311
2085
1232
9
390
761
94
52
48
2103
275
1470
1921
9
1604
1094
547
486
1182
212
1878
1686
811
9
1245
315
1214
1144
1109
1584
1493
636
1861
9
240
1429
428
349
523
153
902
692
1762
9
1693
868
91
87
1692
282
187
239
1091
9
341
2075
324
2006
1137
1645
1282
1709
1264
9
1005
1488
423
780
1435
565
1612
1138
1032
9
161
2078
1027
1591
25
1905
1422
1650
411
9
1667
1106
1286
288
744
1549
235
563
614
9
474
974
2083
1250
1315
941
89
231
1497
9
1730
1699
1162
1298
1925
882
726
487
310
9
715
585
697
1739
1531
1207
618
154
813
9
643
1487
1939
762
31
630
1201
1233
1441
9
787
929
1073
1328
653
1792
358
1658
772
9
1847
1824
1981
1376
108
1728
733
66
1807
9
95
1533
387
629
194
527
102
1960
2059
9
1316
2082
731
1838
181
1165
2044
802
613
9
535
1751
619
907
1028
842
1862
1635
241
9
981
881
1609
250
72
157
1534
1254
1061
9
184
1394
450
1476
1843
1922
1185
1011
393
9
763
648
1976
717
409
1628
1387
11
1283
9
558
1683
677
576
1306
779
1243
616
1698
9
223
957
596
1255
1646
111
166
1845
107
9
2089
1639
1932
353
1738
196
735
1734
1398
9
1969
140
139
1544
180
975
361
477
1582
9
926
1461
427
694
1242
1345
1740
1875
1338
9
592
62
1723
826
707
437
939
1764
646
9
1588
998
2053
824
1633
251
754
97
1505
9
1968
28
195
660
237
1265
803
1652
404
9
836
277
101
1349
658
741
635
841
1089
9
1955
1002
1576
1093
1012
182
1869
259
1500
9
1913
834
321
385
75
1718
594
574
2101
9
1961
1545
1548
1287
800
1049
1218
776
50
9
995
963
36
379
209
1020
1611
1894
716
9
1632
1457
1016
1965
1509
1882
1732
1033
56
9
1539
1035
1140
301
1003
1577
1173
460
862
9
810
1799
1484
1439
1616
627
1299
1558
685
9
1948
117
2073
883
764
2095
208
76
647
9
1850
753
1839
1529
271
39
1433
269
1508
9
2056
1565
1915
183
1972
1455
1769
49
1694
9
1742
595
1219
1099
864
192
1080
1860
1546
9
280
1671
742
799
1034
327
1037
1228
1798
9
1757
863
2017
823
1885
977
1817
1663
1327
9
1406
30
299
662
560
721
919
933
1562
9
917
169
148
623
930
485
1135
1842
46
9
1759
997
300
1114
651
1812
308
2067
1104
9
1719
1840
1851
1146
1587
1641
730
853
1363
9
373
1102
1042
465
528
945
255
279
289
9
1417
319
1945
1063
1528
323
682
2065
683
9
1431
1055
1404
865
1656
621
724
2043
952
9
1672
1595
1749
1246
1360
1846
10
705
150
9
943
631
303
783
1067
1735
1357
1691
1880
9
325
1806
367
118
556
1179
47
1022
1097
9
1171
1234
0
261
293
1625
1790
1872
90
9
688
666
247
1911
1884
2015
782
1322
797
9
809
569
1009
874
1919
1619
2042
1536
678
9
1689
827
365
1000
1348
141
1079
2037
1594
9
199
1540
1688
1070
1816
2002
1344
936
375
9
7
9
1975
1329
2009
287
1547
1186
568
9
690
958
1224
112
2068
368
1319
1192
790
9
564
843
2060
908
969
1103
273
425
1614
9
1918
1793
2081
445
1887
1050
937
2031
1368
9
1159
534
1004
457
408
37
1581
1388
1430
9
1169
57
22
905
1181
550
1149
951
435
9
1125
543
1556
825
1938
1226
1526
1139
1326
9
1018
16
1392
264
188
1827
233
1931
1052
9
875
1426
21
1483
434
891
32
453
817
9
848
968
374
1147
1463
313
1813
452
1437
9
2030
785
1469
1359
1690
1026
1275
702
1221
9
1305
1929
1230
307
1822
191
829
1551
218
9
1471
1462
852
1920
1950
601
491
1638
1025
9
2096
1977
1241
1811
198
1602
338
819
976
9
923
1323
1259
888
400
1784
743
1675
1954
9
2072
1936
1312
1637
774
1358
67
994
1154
9
1898
1184
1771
1668
661
1078
1510
738
217
9
68
1622
551
1713
1858
1988
444
1870
1017
9
2010
1720
227
838
962
383
798
424
773
9
496
1414
1318
734
1342
628
1279
23
394
9
1244
944
2003
2007
467
1379
878
249
413
9
309
794
122
1752
999
514
1489
221
1301
9
14
1621
1038
442
1521
795
2062
1607
1726
9
1289
931
820
1900
1464
285
1680
1805
641
9
2000
911
1770
1150
29
214
964
1341
861
9
1511
850
1340
586
553
1134
1746
1465
51
9
370
82
1788
1412
1541
1583
1390
704
1180
9
1902
53
98
1708
1263
1217
2052
1802
1917
9
1010
317
431
978
1575
104
1966
961
1410
9
1678
2092
342
1276
134
152
320
1288
376
9
401
1446
1352
129
1984
74
767
1787
725
9
778
1143
806
351
281
684
1122
1120
350
9
1958
1222
1926
644
65
1450
1124
1995
1428
9
174
1654
946
1655
1997
1697
860
1570
1121
9
512
1239
752
335
1213
2039
1702
748
1665
9
986
650
203
222
124
1618
1951
1530
116
9
1072
835
27
1910
2090
914
1494
804
1007
9
378
2038
784
1704
1844
1507
1927
314
405
9
1912
1481
58
1724
1826
599
2064
1474
1501
9
2034
972
1062
1168
1486
294
200
265
617
9
1642
1959
369
2021
693
1013
815
2097
26
9
1237
663
1195
1293
2102
1334
1566
501
1754
9
2057
2013
1603
357
1188
5
178
272
1249
9
354
1593
1296
896
340
270
211
1187
832
9
1828
1979
1206
1631
1990
1475
2028
1021
439
9
1175
360
1585
1051
1859
507
1881
1425
915
9
78
2086
414
1317
143
965
552
580
71
9
1515
849
128
1434
60
1006
1321
476
395
9
1238
207
1235
2018
758
284
708
334
248
9
686
1196
1332
1225
830
352
339
1741
216
9
1568
466
1274
1015
2033
1389
1278
615
2070
9
479
1519
932
306
121
1715
899
948
1606
9
1432
1129
1513
749
1532
274
1879
1325
659
9
2029
142
1443
1281
1886
1916
1190
1292
1963
9
714
840
69
1707
1989
1837
732
462
1520
9
871
1071
1890
1864
587
1119
672
751
562
9
1957
634
548
410
1710
322
928
1401
566
9
226
495
578
1044
1131
2051
1537
232
567
9
1823
1778
54
970
297
1590
115
801
1518
9
1307
1899
454
1647
894
593
1998
712
1780
9
1953
1343
132
238
356
2098
625
1199
1706
9
1993
1649
263
1490
1132
34
1208
328
106
9
1101
1019
1832
571
597
1502
1014
1666
1382
9
1761
197
162
989
877
960
1498
718
61
9
86
691
146
624
159
156
220
497
880
9
1986
668
1786
519
1517
1403
1940
447
2061
9
1946
201
480
993
987
781
236
1766
459
9
64
371
1821
1191
416
1867
1776
766
1248
9
230
921
1130
2049
1601
173
750
1485
1
9
433
1060
1819
172
1727
847
1949
1054
1662
9
2032
1240
1415
268
1657
1438
1136
699
500
9
1066
1008
1331
1525
1209
1991
1499
1257
1906
9
900
355
1407
1193
1803
821
620
886
455
9
1160
1408
805
1783
1337
1448
584
837
1252
9
1445
603
532
1189
2011
45
910
807
1381
9
1458
509
1453
572
879
1236
399
1112
1613
9
701
492
676
1418
1775
430
1251
175
80
9
1809
1290
1385
588
1659
1599
1712
1459
245
9
1853
1714
43
1273
504
1074
2099
3
1542
9
1158
1256
1721
942
1967
449
570
1705
1596
9
1105
1564
494
1356
329
1586
510
1100
489
9
312
720
671
493
1996
1567
1197
18
922
9
711
990
669
664
2054
1118
1330
973
133
9
1743
17
1152
1800
816
1001
638
1383
788
9
126
2036
158
554
2014
1215
518
254
1210
9
359
318
418
1854
1623
913
41
1086
1262
9
1161
1031
520
1068
1400
2046
1216
1472
1674
9
1373
125
1516
935
2040
278
1380
906
1661
9
470
1346
219
1797
1512
890
145
1297
1090
9
206
1024
1563
737
1736
1703
304
1893
1366
9
2
331
1039
202
1324
1774
296
160
1059
9
1941
186
1211
1745
575
703
1495
665
1901
9
2105
916
912
234
526
687
1928
244
723
9
346
854
1480
2084
1987
332
1810
2012
35
9
1750
1142
1372
1384
1866
1952
889
1796
1365
9
1620
1733
1617
632
814
498
443
502
1153
9
432
363
127
559
679
1309
920
1405
256
9
1876
40
1313
83
483
1269
1151
1814
1261
9
484
1573
1178
441
1277
266
1731
316
1413
9
1081
396
2093
295
1660
673
1046
448
1043
9
1397
982
657
954
1377
529
885
656
505
9
1371
1580
1561
866
1744
283
407
345
389
9
1677
1460
898
1116
867
2087
1785
99
531
9
1768
579
267
511
33
1934
2024
789
980
9
1636
2004
1267
1260
955
1552
1127
739
478
9
1096
1092
1294
252
1624
1253
1696
1572
918
9
100
1634
710
949
1421
1295
633
291
451
9
2041
2025
1333
2027
857
855
147
1088
2045
9
1818
1467
472
1992
1615
770
103
1308
189
9
1229
1409
344
1523
1227
120
1825
1829
1424
9
1600
1036
606
537
626
545
1220
1362
508
9
1076
1711
988
1419
1909
1605
1223
1085
4
9
1748
388
1098
1167
2001
2076
20
2055
1300
9
419
468
215
1999
1203
246
302
1681
1777
9
755
506
956
119
869
1651
179
2106
1354
9
1971
1554
540
1795
786
19
1077
42
1258
9
1454
1756
1440
892
1115
1560
1367
577
1351
9
1202
612
1200
1782
1514
1947
1095
347
1956
9
639
135
544
589
1496
1148
536
992
897
9
1985
793
1172
1522
1057
818
330
525
105
9
1416
1141
740
522
436
1553
8
1482
608
9
1907
1684
674
873
769
391
1166
950
846
9
1923
421
1841
298
276
887
1610
1084
81
9
1272
1700
1423
924
1653
1579
205
966
1378
9
488
1170
2020
123
109
113
1597
1045
1087
9
2016
1892
777
348
1937
728
1113
1506
870
9
253
698
1729
242
305
591
1194
695
96
9
1058
1685
1065
1630
1353
1538
469
1374
1644
9
1350
1174
144
759
851
791
84
458
859
1
1177
